0.0
0.0
0.0
0.014901836046809253
0.07433355813535704
0.7933416067599905
1.8141905285324949
2.200990945753556
2.1131448365419847
1.7743104780214516
1.5517400545682634
1.3183327583797915
1.0154269239076887
1.2403456370322254
1.555266493232004
1.806219822738725
1.7407849495716754
1.397196972654374
1.255310653098351
1.611336530080947
1.7471164421398626
1.319902593804129
0.6633166893574098
0.20011481315122023
0.16167528994341465
0.10658475009376704
0.08761019884561816
0.07891182256400199
0.07765278372916977
0.09953872701301197
0.1903932746947005
0.2649532454582196
0.26217385969114554
0.1985726882924547
0.16712518036922797
0.1993996637646782
0.18069529846842425
0.12072324387434258
0.04824515081567702
0.01421935457521451
0.010690480044018751
0.015919791983213125
0.03043655663705998
0.08168994895124941
0.11766493876288621
0.17128663521141166
0.1295310862774364
0.09433259409841659
0.033532032319805276
0.021372467926862117
0.018974744183531286
0.016206829248891445
0.01427819767053063
0.011144609977399007
0.005004751384669884
0.006009348872259435
0.008235863343549655
0.01357413244610961
0.019694620418975264
0.021684197216488923
0.01809723197163798
0.013757215439874883
0.010675869829757744
0.008927528588629286
0.005715505339766353
0.004545903326492957
0.009750586649939027
0.019642126258917567
0.02145894993526422
0.017551957222499703
0.00871806144236882
0.006970445027811482
0.006226598535987148
0.0054288519339287635
0.005244588754875434
0.004314531819435756
0.004430710001709873
0.0033939705884147345
0.0034409953648372447
0.00405721823681002
0.0045694049560427484
0.0043207574536765206
0.003979486585978331
0.0041640194505108375
0.004002235319124464
0.0038739555993365367
0.0035251313740338173
0.0037880806771879607
0.0040275472009886565
0.0031968128120789807
0.0019913530713633015
3.989623849530678E-4
0.0
0.0
0.0
0.0
0.0
0.0
0.0
0.0
0.0
0.0
0.0
0.0
0.0
0.0
0.0
0.0
0.0
0.0
0.0
0.0
0.0
0.0
0.0
0.0
0.0
0.0
0.0
0.0
0.0
0.0
0.0
0.0
0.0
0.0
0.0
0.0
