0.0
0.0
0.0
0.01739985300056688
0.03768848153729395
0.5036944276476728
1.2880806729585481
1.6220606977177792
1.888606981999961
2.220946772616733
2.2470573125801034
2.0666764042573638
1.0831588163843973
0.7893858011342029
0.27186153806932195
0.13676508640493443
0.05782026404454071
0.0328559479685137
0.02527475116105228
0.030282484772575852
0.031243496241814734
0.0325673461340392
0.03059218265799783
0.028733842616634114
0.028211823802548847
0.025369487674996753
0.0282690658721771
0.038659911963683576
0.10419540498651901
0.2445873247328542
0.27913003582203993
0.26695299619802043
0.15700742530164294
0.1506092056370435
0.14149658223124392
0.15952698780898814
0.13408340605822702
0.0931509375578275
0.043071973440310135
0.030151362308250274
0.031817895321100874
0.034151399584743246
0.03334879360130058
0.028779804489997507
0.023619142871491125
0.026741524148447455
0.02671223800149609
0.026318165734799694
0.023552836780325947
0.021870358009224978
0.016513913852194525
0.014127896657487071
0.011049944520647099
0.020952906491818513
0.02902114159899978
0.0328164872272766
0.025992130388261758
0.013713418015979377
0.010295005671225627
0.008450515526895056
0.008494817316688058
0.006097966032738247
0.004633072156956385
0.003751146602158419
0.003813143362056485
0.003890066870734569
0.00424754732154549
0.004400890863107017
0.005286404319611391
0.005888054362525547
0.006367098673476776
0.006308613922930913
0.005334365223842902
0.004913365224566076
0.004720591573051534
0.0052108850283504845
0.004803858585045429
0.004433792000664421
0.003693334423411409
0.0034771459092744175
0.0028903082504804947
0.0028646410615217033
0.003180615600166874
0.0031403385470750236
0.0043109160066367
0.004500748392117994
0.005035924688746624
0.004345216302581656
0.0036869819599849685
0.0026615552672627895
0.0014486793011057378
4.980770683679921E-4
0.0
0.0
0.0
0.0
0.0
0.0
0.0
0.0
0.0
0.0
0.0
0.0
0.0
0.0
0.0
0.0
0.0
0.0
0.0
0.0
0.0
0.0
0.0
0.0
0.0
0.0
0.0
0.0
0.0
0.0
0.0
0.0
0.0
0.0
0.0
0.0
