0.0
0.0
0.0
0.0023518572703291394
0.04129854249736838
0.7573790266005092
1.8801591150873083
2.3584877466546956
2.2500860931566393
1.9270442294972767
1.6981168820347443
1.675029024565898
1.7789483913774007
2.1772599512098147
2.2700273461032467
1.4693294669662322
0.8910748814855699
0.3253573434512794
0.3156290517641304
0.5344559499086841
0.8752231247096413
0.8820129466307368
0.5788715855506867
0.15378281129015203
0.0659247237301839
0.056483806985199246
0.038723994008614225
0.04745691654538947
0.05960885712581584
0.09656151707036549
0.08668692694284645
0.07149266314344487
0.04011630611819004
0.05203932174578885
0.08697893897214014
0.11283920096844328
0.09813889831670504
0.053330795537651215
0.017360414543240558
0.014857811382940232
0.0168639148564055
0.014429287420810614
0.00910522560897087
0.007181760152830542
0.016351447520513002
0.03054696610639691
0.041991998254881445
0.060614160264254056
0.05720487024137391
0.05402363794300122
0.025776139831595875
0.01724299850325129
0.009623910500832616
0.01101173650097669
0.007971176147262997
0.01974967976403279
0.03763417363307886
0.0477382770854534
0.03906731000378767
0.026477830475188424
0.017762513780702517
0.015303763499211621
0.007980779677729859
0.005698639308829416
0.004250208244639195
0.004694693089948381
0.005170899125476771
0.00577727407335151
0.005752823790056948
0.005244099316284858
0.004206579694868115
0.003515855455897377
0.003560324598931658
0.0038564798498699933
0.003594209562991094
0.0037228317000091936
0.0031779478834980685
0.003309426776868626
0.0035265586186711464
0.0036736985362399895
0.0035634902939786204
0.0031820785807239647
0.0030738840511190975
0.003302555567199473
0.0035600842351355896
0.0034471214448311255
0.00353962416465476
0.003679720506275656
0.0040266401996369204
0.0034741998112311004
0.0020117157021751074
7.522263643405105E-4
0.0
0.0
0.0
0.0
0.0
0.0
0.0
0.0
0.0
0.0
0.0
0.0
0.0
0.0
0.0
0.0
0.0
0.0
0.0
0.0
0.0
0.0
0.0
0.0
0.0
0.0
0.0
0.0
0.0
0.0
0.0
0.0
0.0
0.0
0.0
0.0
