0.0
0.0
0.0
0.0066962629016419995
0.04667560774709156
0.6040520711427554
1.4803889420631935
1.864099471169938
2.1482226151257713
2.425912175396686
2.3286751207410883
2.096463328026651
1.0907731302780121
0.8482876849440841
0.2791024039161499
0.13885825710539068
0.07008458134517996
0.05092933293936993
0.04867314703421729
0.058054434297759284
0.06263671960911593
0.10605261087497175
0.22076032981425095
0.2314911718973166
0.1961063828390647
0.07130292550111736
0.051646733756166206
0.05954588970588662
0.06291885764178179
0.04929279967946589
0.02438753458538122
0.008527603898928223
0.009423244484293424
0.011509538273333496
0.018197259741497728
0.01870767028641947
0.015846688872647296
0.009910553853882826
0.009450767375913749
0.010651626190906718
0.016803696340947437
0.014765264892775841
0.014474980489573274
0.012441455497646817
0.023315036589270005
0.023089479559046912
0.01972456555062344
0.00952407136197122
0.009181322096268407
0.007809413963313909
0.007269874702670585
0.011137171504388801
0.020417445625043353
0.02298800762983386
0.02055893823460625
0.010199264577269357
0.006557476355726775
0.003310901404590874
0.0034665158651887933
0.003610309103661915
0.00402005623827214
0.004035002545182041
0.0038931410682284478
0.003650448425699357
0.003295821679708212
0.003707170332558419
0.003625165370121572
0.005750080603415035
0.005305289433026411
0.004875220017246815
0.0029485818017625526
0.003164881989168998
0.0031970536789360012
0.003484219860167125
0.0034950438935872357
0.0035624850629795003
0.0036616013731085076
0.002971903924436896
0.0030262506024884873
0.0032404167177420957
0.003961989703573708
0.004018298731518247
0.0034688079100803956
0.0035502375356727006
0.003914040836081149
0.004005594594260569
0.0035837977640845436
0.0032348920558472444
0.003040479568585346
0.0027780990470744962
0.001581563137712508
5.730587960660699E-4
0.0
0.0
0.0
0.0
0.0
0.0
0.0
0.0
0.0
0.0
0.0
0.0
0.0
0.0
0.0
0.0
0.0
0.0
0.0
0.0
0.0
0.0
0.0
0.0
0.0
0.0
0.0
0.0
0.0
0.0
0.0
0.0
0.0
0.0
0.0
0.0
