0.0
0.0
0.0
4.722450256347656
8.081324577331543
8.402906914552053
4.186804354190826
1.0034232139587402
0.7179049501816431
0.2310991312066714
0.11825603991746902
0.17877152562141418
0.18321036671598753
0.1567570852736632
0.15364590908090273
0.14898037894939384
0.1929332984921833
0.12965005620693168
0.12645685051878294
0.09182232121626537
0.11255504315098126
0.1720339854558309
0.1784644971291224
0.16140498158832392
0.09666462972139318
0.08071046865855654
0.07003084399426977
0.09382241126149893
0.09225510650624831
0.09550864637518923
0.0986654042887191
0.08604486643647154
0.07253880783294638
0.05995476571843028
0.06292206514626741
0.07227151344219844
0.08688547151784103
0.08239842687423031
0.06970949610695243
0.05729380234455069
0.0762801516490678
0.08466394804418087
0.07269962209587295
0.05457658196489016
0.05201895752300819
0.05898262692304949
0.06424919826289018
0.06856664130464196
0.06397798156831414
0.058626256960754596
0.055808897130191326
0.065938726416789
0.06556801769572
0.0839752263079087
0.0758663610710452
0.0823775112318496
0.06735183585745592
0.0687125869250546
0.07199392025358975
0.0838458741394182
0.08574056935807069
0.09520249534398317
0.10568331213047107
0.1157722834808131
0.1067033289776494
0.08906429478277762
0.07817806707074244
0.07629765434345852
0.07627431314904243
0.08707243487394105
0.08752422003696363
0.08506408170796931
0.08098178415093571
0.07007492655732979
0.08511566234907757
0.08419489200847845
0.10473734481881063
0.12036637868732214
0.1493804818019271
0.16425771607706943
0.15579923785602054
0.14238562046860656
0.13074305203432837
0.1291122882006069
0.12362573311353724
0.12849383552869162
0.11555147004158546
0.1165412674114729
0.1045121675900494
0.09541055269073695
0.05619881305998812
0.02104131376836449
0.0
0.0
0.0
0.0
0.0
0.0
0.0
0.0
0.0
0.0
0.0
0.0
0.0
0.0
0.0
0.0
0.0
0.0
0.0
0.0
0.0
0.0
0.0
0.0
0.0
0.0
0.0
0.0
0.0
0.0
0.0
0.0
0.0
0.0
0.0
0.0
