0.0
0.0
0.0
4.0255279541015625
7.243971506754558
8.373589118321737
5.583954731623332
3.0780231952667236
2.396487514177958
1.321372886498769
0.7347711026668549
0.40403809646765393
0.2572867451235652
0.1943099166577061
0.18042805201063553
0.2357261044283708
0.1995302066206932
0.10785562576105197
0.06255529603610437
0.1257710757975777
0.18833302954832712
0.17559890231738487
0.12082303470621507
0.10283215871701638
0.13857136480510235
0.1296520953377088
0.09804889559745789
0.11134308390319347
0.11489389246950547
0.10995786497369409
0.0863298331387341
0.08489906617129843
0.10095010045915842
0.1005459347118934
0.12157412742575009
0.11891169877101977
0.18369388518234095
0.17601563905676207
0.17531137820333242
0.11626566015183926
0.12088114582002163
0.12833044274399677
0.10366236232221127
0.1028600378582875
0.11074944275120895
0.12373748607933521
0.09899227740243077
0.07640610231707494
0.05532909894827753
0.05439578442989538
0.04417818796355277
0.05763250573848685
0.0738083616985629
0.08388142621455093
0.08647846391734977
0.08202767993013065
0.09120419761165977
0.10185542795807123
0.09623008656005065
0.09246010923137267
0.08631603963052233
0.08558748189049463
0.0829054731875658
0.08305837415779631
0.09068591458102067
0.08775896074560781
0.09197172871790826
0.08073173471105595
0.09824104413079719
0.11310815741308033
0.11973387740241985
0.11503322709662218
0.09731641252680372
0.10132494541661193
0.1136499901379769
0.11851640162058175
0.12556464372513196
0.11577564637021472
0.12086663794859002
0.13073492558517805
0.12385224285147463
0.12946292612468824
0.1384323977593643
0.14721528813242912
0.14340696177290133
0.1266420993876333
0.12501131021417677
0.11870585762274762
0.1241459494146208
0.10908025968819857
0.07227965987597902
0.025462681893259287
0.0
0.0
0.0
0.0
0.0
0.0
0.0
0.0
0.0
0.0
0.0
0.0
0.0
0.0
0.0
0.0
0.0
0.0
0.0
0.0
0.0
0.0
0.0
0.0
0.0
0.0
0.0
0.0
0.0
0.0
0.0
0.0
0.0
0.0
0.0
0.0
