0.0
0.0
0.0
0.007802559269025704
0.008501677314582949
0.6106204109852995
1.9735789261151482
2.733602816982551
2.4188597150265645
1.7689713197729182
1.4742352852497078
1.853573799684739
1.6646970810157267
2.323894147526259
2.143157132200544
2.070276125648037
1.0785079749325541
0.6687030285827826
0.298119911454777
0.23475867799131553
0.21241541023273314
0.17005086724354612
0.1787685518649489
0.23529270135387312
0.4186456621296845
0.6518396467009074
0.6565674251090431
0.4961650564347418
0.2414454741615648
0.19981296587058614
0.24136595550453974
0.37950310428894
0.44828047864560344
0.4087018001199682
0.26847448917722966
0.228828300050722
0.21090933139445175
0.19990215419941373
0.1605085204600687
0.14673613878508182
0.1284339141977014
0.09685251108221087
0.0811388096301076
0.06663737196090294
0.0401913647274357
0.027924011424619376
0.024798893386239303
0.021357711482930086
0.012229987133702212
0.00588735026029252
0.005421829623334842
0.0071527832322464055
0.012037543400183653
0.018116591071249216
0.027614655253988096
0.036730598271781746
0.0368201011754942
0.03186612680007759
0.029267278717808588
0.031502174119766475
0.03003748188251244
0.024975280887538292
0.02772029596233184
0.023675751727337577
0.01770912974838743
0.008952824626721848
0.00964362214491038
0.010258102316598522
0.01134835752147289
0.011789406377903445
0.011002612787811623
0.007934365949493177
0.0063226100613781285
0.006069639291370682
0.005549150371965378
0.004563328149472097
0.004196197816048389
0.004399429741244708
0.003828230110206271
0.003239666713918729
0.0030585887853768062
0.0029273633409890223
0.0037765365215596453
0.0036790566245158717
0.003759974160168711
0.003411392789974549
0.0042837128376834845
0.0050675217963732306
0.005048405856296624
0.004003286500992456
0.0022488422931391683
8.973250923895686E-4
0.0
0.0
0.0
0.0
0.0
0.0
0.0
0.0
0.0
0.0
0.0
0.0
0.0
0.0
0.0
0.0
0.0
0.0
0.0
0.0
0.0
0.0
0.0
0.0
0.0
0.0
0.0
0.0
0.0
0.0
0.0
0.0
0.0
0.0
0.0
0.0
