0.0
0.0
0.0
0.00559878394207195
0.019219545389847922
0.7725661267022647
2.4116295993850083
3.3110949530528
3.0793203711837234
2.705643408415757
2.560353957338362
2.8660091723056826
2.0186070462840195
1.3725934681781915
0.6094573227664851
0.23007918858290613
0.13433567067450664
0.09337983513724409
0.07109500346527366
0.09942720712719637
0.21742307064621702
0.23378031598568702
0.1984389588247765
0.0681515817240143
0.03489881327778232
0.020014624628401468
0.014295336180623244
0.022482540301434702
0.041544622377782246
0.04419084490100988
0.03498719146565387
0.017420466540443758
0.013675994599679836
0.012575786237343548
0.020166291929452712
0.031207217642319596
0.030585033543091097
0.01870772112259106
0.005269461413280802
0.0050532333526250245
0.005638636302233837
0.006302545668223872
0.005543242727624166
0.006368963094126596
0.0076040667225097
0.007715376119620045
0.0064208345731764935
0.003911484729888167
0.003933180032885228
0.0037586366940268547
0.003922306342457092
0.004420975289261325
0.005551522159911369
0.007591370189758446
0.007767651109728949
0.007228914551454829
0.005833010706379171
0.0047392428240034335
0.004099377246235799
0.0057592924543855215
0.007662152535967731
0.009743203057025333
0.007965058952582198
0.006264799592524709
0.005417789718610403
0.004794631850977615
0.0057695555137795744
0.005496673366942328
0.006897887262130011
0.006424755792890909
0.006379036495888823
0.0045863780917330624
0.004461871037221804
0.0035114609374287172
0.004165520596669117
0.003989392636704138
0.0035539640957981174
0.0036412756231545378
0.0032787624176681272
0.004005587957748802
0.003955125589079341
0.004366616380821169
0.003992522628803543
0.00419599620692051
0.0036409062196229905
0.0033598939688696005
0.0029302467536888137
0.0036085743384853277
0.004141917202532889
0.003626520592588153
0.002026054728206795
6.42632300503751E-4
0.0
0.0
0.0
0.0
0.0
0.0
0.0
0.0
0.0
0.0
0.0
0.0
0.0
0.0
0.0
0.0
0.0
0.0
0.0
0.0
0.0
0.0
0.0
0.0
0.0
0.0
0.0
0.0
0.0
0.0
0.0
0.0
0.0
0.0
0.0
0.0
