0.0
0.0
0.0
0.014149633075095648
0.0504178994140212
0.08422759357866257
0.08581730965429836
0.05685808068640621
0.027029049022921036
0.015921731115126656
0.012440900255959737
0.014243605846921614
0.016163648566158765
0.024409686230598904
0.02588109804724581
0.023556892145080888
0.015475996745812183
0.012006701874578687
0.011966274650985147
0.012089759389270033
0.014066043788911825
0.021489487590668304
0.022181314463310193
0.022034917278238985
0.015090866944055347
0.012595333911088566
0.009625090443763551
0.007884392627736573
0.00898757375294126
0.010416413127067052
0.010384335192249815
0.008957089672063961
0.00851297136517304
0.009121060042801546
0.00944275569822558
0.008578769486415403
0.008326317509306215
0.009930509220308205
0.010806566347716174
0.01175120367773719
0.010605246894989739
0.009827981261441158
0.00845991594447712
0.008032157372243985
0.0076698120347771
0.007394531006730252
0.009461222188320288
0.00988689069941365
0.010426137491773861
0.008970855340115493
0.0075409292009847835
0.006634842247328697
0.0057458757835628866
0.0060124500447658975
0.005270946903054967
0.006031934602396892
0.006453236055954177
0.007931987271708902
0.006758398203214774
0.006664576674663236
0.00612860359692837
0.006930306113639463
0.006616752577889142
0.005384482410075608
0.0046766631592728486
0.004102497121223033
0.0038401258397821
0.002563031060535317
0.0025134447452302877
0.0027857048706259606
0.003392348403135376
0.003474222518378138
0.004091420903769175
0.003944775669984495
0.0034154438422879497
0.002644123224261405
0.0031815092269500155
0.0038914472676253825
0.003972085589960654
0.0034715536170736223
0.0035732922564846643
0.0036597707348147803
0.0035170230818667818
0.003416822587452531
0.003584828348167663
0.004281197361898851
0.004293911192122383
0.0042060114359922275
0.004106120194864266
0.0035213166489319893
0.0022651763264890635
8.467292231701161E-4
0.0
0.0
0.0
0.0
0.0
0.0
0.0
0.0
0.0
0.0
0.0
0.0
0.0
0.0
0.0
0.0
0.0
0.0
0.0
0.0
0.0
0.0
0.0
0.0
0.0
0.0
0.0
0.0
0.0
0.0
0.0
0.0
0.0
0.0
0.0
0.0
